4.0 0.23420796890184645
3.0 0.13192419825072887
4.1 0.11904761904761904
4.15 0.0880709426627794
4.125 0.07738095238095238
3.9 0.018100097181729835
4.16 0.017857142857142856
4.14 0.015792031098153546
3.96 0.015184645286686104
4.08 0.014334305150631681
4.05 0.012147716229348883
3.28 0.009961127308066083
3.915 0.00935374149659864
2.0 0.008746355685131196
4.07 0.007653061224489796
4.12 0.006802721088435374
4.03 0.006681243926141885
3.92 0.005709426627793975
3.025 0.005466472303206997
3.12 0.005344995140913508
3.75 0.005344995140913508
1.5 0.00522351797862002
3.91 0.0047376093294460644
1.125 0.003887269193391642
3.32 0.003887269193391642
3.95 0.0037657920310981536
4.13 0.0037657920310981536
3.85 0.0037657920310981536
2.05 0.003401360544217687
1.11 0.003401360544217687
3.69 0.0032798833819241984
1.02 0.0032798833819241984
3.2 0.0031584062196307093
2.87 0.0030369290573372208
3.36 0.0030369290573372208
3.8 0.0029154518950437317
4.06 0.0029154518950437317
1.2 0.002793974732750243
2.46 0.002793974732750243
1.64 0.002672497570456754
3.6 0.002672497570456754
3.99 0.002672497570456754
2.5 0.002672497570456754
1.23 0.002551020408163265
3.3 0.002551020408163265
3.4 0.0024295432458697765
4.015 0.0023080660835762875
3.06 0.0023080660835762875
1.24 0.0023080660835762875
2.25 0.002186588921282799
4.02 0.002186588921282799
3.965 0.00206511175898931
2.96 0.001943634596695821
3.84 0.001943634596695821
4.09 0.0018221574344023323
3.24 0.0018221574344023323
3.87 0.0018221574344023323
3.375 0.0017006802721088435
3.5 0.0017006802721088435
1.1 0.0017006802721088435
4.095 0.0017006802721088435
2.9 0.0017006802721088435
1.66 0.0015792031098153547
1.68 0.0014577259475218659
3.08 0.0014577259475218659
3.22 0.0014577259475218659
3.04 0.001336248785228377
2.97 0.001336248785228377
4.04 0.001336248785228377
3.7 0.001336248785228377
3.1 0.001336248785228377
1.875 0.0012147716229348883
3.88 0.0012147716229348883
2.49 0.0012147716229348883
1.95 0.0010932944606413995
3.68 0.0010932944606413995
3.51 0.0010932944606413995
3.42 0.0010932944606413995
4.01 0.0010932944606413995
1.52 0.0009718172983479105
3.25 0.0009718172983479105
1.6 0.0009718172983479105
1.85 0.0009718172983479105
0.55 0.0009718172983479105
4.005 0.0009718172983479105
3.735 0.0008503401360544217
3.38 0.0008503401360544217
3.575 0.0008503401360544217
2.3 0.0008503401360544217
1.7 0.0008503401360544217
1.87 0.0008503401360544217
3.78 0.0008503401360544217
0.84 0.0007288629737609329
0.9 0.0007288629737609329
3.15 0.0007288629737609329
3.64 0.0007288629737609329
1.65 0.0007288629737609329
2.94 0.0007288629737609329
4.025 0.0007288629737609329
2.61 0.0006073858114674441
2.975 0.0006073858114674441
4.2 0.0006073858114674441
3.905 0.0006073858114674441
3.015 0.0006073858114674441
3.48 0.0006073858114674441
2.4 0.0006073858114674441
3.72 0.0006073858114674441
2.63 0.00048590864917395527
2.76 0.00048590864917395527
3.35 0.00048590864917395527
3.825 0.00048590864917395527
1.32 0.00048590864917395527
2.2 0.00048590864917395527
3.975 0.00048590864917395527
1.9 0.00048590864917395527
2.7 0.00048590864917395527
2.04 0.00048590864917395527
3.195 0.00048590864917395527
2.73 0.00048590864917395527
3.18 0.00048590864917395527
3.05 0.00048590864917395527
3.74 0.00048590864917395527
0.74 0.00048590864917395527
2.8 0.00048590864917395527
3.16 0.00048590864917395527
1.12 0.00048590864917395527
3.37 0.00036443148688046647
1.38 0.00036443148688046647
2.625 0.00036443148688046647
3.73 0.00036443148688046647
2.75 0.00036443148688046647
2.12 0.00036443148688046647
2.28 0.00036443148688046647
3.255 0.00036443148688046647
3.41 0.00036443148688046647
2.22 0.00036443148688046647
2.075 0.00036443148688046647
2.6 0.00036443148688046647
3.45 0.00036443148688046647
1.86 0.00036443148688046647
2.43 0.00036443148688046647
0.75 0.00036443148688046647
3.65 0.00036443148688046647
4.11 0.00036443148688046647
4.18 0.00024295432458697764
3.33 0.00024295432458697764
2.1 0.00024295432458697764
2.85 0.00024295432458697764
1.26 0.00024295432458697764
2.905 0.00024295432458697764
3.52 0.00024295432458697764
1.8 0.00024295432458697764
3.44 0.00024295432458697764
2.38 0.00024295432458697764
2.62 0.00024295432458697764
2.24 0.00024295432458697764
2.07 0.00024295432458697764
3.996 0.00024295432458697764
1.34 0.00024295432458697764
2.835 0.00024295432458697764
3.26 0.00024295432458697764
2.88 0.00024295432458697764
2.86 0.00024295432458697764
3.66 0.00024295432458697764
1.72 0.00024295432458697764
2.72 0.00024295432458697764
3.045 0.00024295432458697764
3.19 0.00024295432458697764
3.55 0.00024295432458697764
2.13 0.00024295432458697764
3.955 0.00012147716229348882
2.58 0.00012147716229348882
2.64 0.00012147716229348882
3.285 0.00012147716229348882
4.105 0.00012147716229348882
3.63 0.00012147716229348882
2.125 0.00012147716229348882
3.875 0.00012147716229348882
1.15 0.00012147716229348882
4.154 0.00012147716229348882
3.733 0.00012147716229348882
2.15 0.00012147716229348882
4.124 0.00012147716229348882
1.28 0.00012147716229348882
3.98 0.00012147716229348882
1.84 0.00012147716229348882
2.37 0.00012147716229348882
2.552 0.00012147716229348882
0.738 0.00012147716229348882
3.56 0.00012147716229348882
3.705 0.00012147716229348882
2.55 0.00012147716229348882
2.345 0.00012147716229348882
3.998 0.00012147716229348882
3.02 0.00012147716229348882
1.0 0.00012147716229348882
2.95 0.00012147716229348882
1.229 0.00012147716229348882
3.135 0.00012147716229348882
2.925 0.00012147716229348882
2.275 0.00012147716229348882
3.355 0.00012147716229348882
3.963 0.00012147716229348882
2.78 0.00012147716229348882
3.315 0.00012147716229348882
2.83 0.00012147716229348882
2.77 0.00012147716229348882
2.66 0.00012147716229348882
3.97 0.00012147716229348882
3.54 0.00012147716229348882
2.92 0.00012147716229348882
2.84 0.00012147716229348882
2.16 0.00012147716229348882
3.525 0.00012147716229348882
3.89 0.00012147716229348882
3.645 0.00012147716229348882
2.48 0.00012147716229348882
2.025 0.00012147716229348882
3.09 0.00012147716229348882
3.39 0.00012147716229348882
3.43 0.00012147716229348882
2.44 0.00012147716229348882
3.29 0.00012147716229348882
1.185 0.00012147716229348882
2.34 0.00012147716229348882
3.01 0.00012147716229348882
