5.0 0.07352784011969649
4.0 0.055466495671689646
10.0 0.045527412632253926
6.0 0.04029069146093833
4.1 0.03473335470770546
7.0 0.029496633536389868
4.15 0.024580527946991556
4.92 0.02233621887357059
5.25 0.01774072886608956
3.0 0.017099497702254995
4.5 0.014427701186277652
5.1 0.014213957464999465
4.98 0.013572726301164904
5.2 0.01261087955541306
6.15 0.012183392112856685
4.125 0.01004595490007481
7.125 0.00972533931815753
8.0 0.00972533931815753
5.33 0.009511595596879342
4.95 0.009511595596879342
6.97 0.008656620711766592
10.125 0.00833600512984931
5.28 0.008122261408571124
3.28 0.008015389547932029
5.04 0.0074810302447365605
5.74 0.007374158384097467
10.25 0.006839799080901998
9.9 0.006732927220262905
6.75 0.005343593031954686
7.14 0.005022977450037405
6.9 0.005022977450037405
5.18 0.0048092337287592175
5.4 0.00459549000748103
5.5 0.004488618146841937
6.56 0.004488618146841937
3.75 0.004488618146841937
4.2 0.004488618146841937
9.0 0.004381746286202842
6.8 0.004381746286202842
6.3 0.004274874425563749
7.05 0.004168002564924655
5.81 0.004168002564924655
4.8 0.004061130704285562
10.2 0.004061130704285562
5.22 0.003954258843646468
4.51 0.003954258843646468
4.4 0.0037405151223682803
6.6 0.0036336432617291867
10.12 0.0036336432617291867
4.14 0.003526771401090093
8.2 0.003419899540450999
10.08 0.0033130276798119056
10.4 0.0033130276798119056
5.625 0.0029924120978946245
5.32 0.0029924120978946245
5.13 0.0029924120978946245
10.375 0.0029924120978946245
9.84 0.0028855402372555306
6.72 0.0028855402372555306
5.15 0.002778668376616437
4.05 0.002778668376616437
3.32 0.002671796515977343
4.56 0.002671796515977343
6.2 0.002671796515977343
3.96 0.0025649246553382495
1.125 0.0025649246553382495
7.055 0.0025649246553382495
4.3 0.0024580527946991555
7.02 0.0024580527946991555
5.07 0.0024580527946991555
6.12 0.002351180934060062
3.9 0.002351180934060062
3.2 0.0022443090734209684
4.6 0.0022443090734209684
3.69 0.0022443090734209684
2.0 0.0022443090734209684
5.16 0.0022443090734209684
4.16 0.0022443090734209684
2.46 0.0021374372127818744
6.5 0.0021374372127818744
6.22 0.0021374372127818744
6.225 0.0021374372127818744
3.95 0.0021374372127818744
3.24 0.0021374372127818744
3.22 0.0021374372127818744
10.23 0.0021374372127818744
10.37 0.002030565352142781
8.3 0.002030565352142781
4.25 0.002030565352142781
4.35 0.002030565352142781
9.96 0.002030565352142781
1.23 0.0019236934915036871
3.4 0.0019236934915036871
6.64 0.0019236934915036871
8.25 0.0019236934915036871
7.03 0.0019236934915036871
2.5 0.0019236934915036871
6.96 0.0019236934915036871
5.6 0.0019236934915036871
2.4 0.0019236934915036871
7.04 0.0018168216308645934
5.46 0.0018168216308645934
3.645 0.0018168216308645934
4.08 0.0018168216308645934
6.05 0.0018168216308645934
7.2 0.0018168216308645934
7.1 0.0017099497702254996
5.06 0.0017099497702254996
6.16 0.0017099497702254996
6.23 0.0017099497702254996
7.12 0.0017099497702254996
3.36 0.0016030779095864058
9.99 0.0016030779095864058
6.375 0.0016030779095864058
10.26 0.0016030779095864058
5.94 0.0016030779095864058
4.875 0.0016030779095864058
4.12 0.0016030779095864058
6.93 0.0016030779095864058
4.94 0.0016030779095864058
6.44 0.0014962060489473123
2.9 0.0014962060489473123
5.92 0.0014962060489473123
5.62 0.0014962060489473123
6.4 0.0014962060489473123
7.38 0.0014962060489473123
2.2 0.0014962060489473123
3.915 0.0013893341883082185
7.13 0.0013893341883082185
3.3 0.0013893341883082185
6.37 0.0013893341883082185
5.95 0.0013893341883082185
2.87 0.0013893341883082185
3.91 0.0013893341883082185
4.29 0.0013893341883082185
10.35 0.0013893341883082185
6.09 0.0013893341883082185
5.44 0.0013893341883082185
4.96 0.0013893341883082185
3.375 0.0012824623276691247
9.75 0.0012824623276691247
7.11 0.0012824623276691247
5.395 0.0012824623276691247
4.87 0.0012824623276691247
2.49 0.0012824623276691247
5.85 0.0012824623276691247
4.18 0.001175590467030031
7.47 0.001175590467030031
4.97 0.001175590467030031
2.05 0.001175590467030031
5.52 0.001175590467030031
3.85 0.001175590467030031
5.7 0.001175590467030031
6.24 0.001175590467030031
4.32 0.001175590467030031
1.65 0.001175590467030031
7.15 0.001175590467030031
10.32 0.001175590467030031
7.56 0.001175590467030031
2.25 0.0010687186063909372
4.26 0.0010687186063909372
5.3 0.0010687186063909372
10.14 0.0010687186063909372
3.99 0.0010687186063909372
3.5 0.0010687186063909372
6.08 0.0010687186063909372
3.01 0.0010687186063909372
2.96 0.0010687186063909372
8.8 0.0010687186063909372
7.5 0.0010687186063909372
8.4 0.0010687186063909372
1.5 0.0010687186063909372
5.225 0.0010687186063909372
2.16 0.0009618467457518436
0.55 0.0009618467457518436
5.58 0.0009618467457518436
4.68 0.0009618467457518436
3.92 0.0009618467457518436
5.88 0.0009618467457518436
8.61 0.0009618467457518436
6.84 0.0009618467457518436
3.12 0.0009618467457518436
7.875 0.0009618467457518436
5.39 0.0009618467457518436
9.43 0.0009618467457518436
7.79 0.0008549748851127498
6.66 0.0008549748851127498
3.64 0.0008549748851127498
2.625 0.0008549748851127498
5.27 0.0008549748851127498
2.76 0.0008549748851127498
9.8 0.0008549748851127498
10.1 0.0008549748851127498
5.76 0.0008549748851127498
8.1 0.0008549748851127498
6.21 0.0008549748851127498
4.9 0.0008549748851127498
1.08 0.0008549748851127498
3.16 0.0008549748851127498
2.3 0.0007481030244736561
4.07 0.0007481030244736561
4.09 0.0007481030244736561
9.02 0.0007481030244736561
7.9 0.0007481030244736561
9.24 0.0007481030244736561
4.45 0.0007481030244736561
9.86 0.0007481030244736561
2.07 0.0007481030244736561
7.8 0.0007481030244736561
4.86 0.0007481030244736561
5.9 0.0007481030244736561
5.12 0.0007481030244736561
6.27 0.0007481030244736561
8.16 0.0007481030244736561
4.06 0.0007481030244736561
6.65 0.0007481030244736561
3.6 0.0007481030244736561
3.04 0.0007481030244736561
4.565 0.0007481030244736561
10.36 0.0007481030244736561
4.62 0.0007481030244736561
7.98 0.0006412311638345624
1.76 0.0006412311638345624
4.81 0.0006412311638345624
1.66 0.0006412311638345624
8.28 0.0006412311638345624
6.075 0.0006412311638345624
6.48 0.0006412311638345624
3.78 0.0006412311638345624
3.8 0.0006412311638345624
7.7 0.0006412311638345624
1.72 0.0006412311638345624
6.32 0.0006412311638345624
8.7 0.0006412311638345624
10.005 0.0006412311638345624
9.13 0.0006412311638345624
6.1 0.0006412311638345624
6.88 0.0006412311638345624
4.74 0.0006412311638345624
3.08 0.0006412311638345624
5.325 0.0006412311638345624
6.7 0.0006412311638345624
10.27 0.0006412311638345624
5.175 0.0006412311638345624
2.94 0.0006412311638345624
5.65 0.0006412311638345624
6.29 0.0006412311638345624
3.7 0.0006412311638345624
6.46 0.0005343593031954686
6.52 0.0005343593031954686
2.7 0.0005343593031954686
2.55 0.0005343593031954686
5.67 0.0005343593031954686
4.44 0.0005343593031954686
7.4 0.0005343593031954686
6.02 0.0005343593031954686
8.14 0.0005343593031954686
1.95 0.0005343593031954686
7.08 0.0005343593031954686
4.7 0.0005343593031954686
6.38 0.0005343593031954686
4.88 0.0005343593031954686
5.015 0.0005343593031954686
1.9 0.0005343593031954686
6.39 0.0005343593031954686
9.7 0.0005343593031954686
6.51 0.0005343593031954686
7.88 0.0005343593031954686
5.53 0.0005343593031954686
3.44 0.0005343593031954686
9.35 0.0004274874425563749
3.37 0.0004274874425563749
3.73 0.0004274874425563749
2.52 0.0004274874425563749
2.88 0.0004274874425563749
3.15 0.0004274874425563749
9.2 0.0004274874425563749
8.62 0.0004274874425563749
9.375 0.0004274874425563749
2.6 0.0004274874425563749
1.64 0.0004274874425563749
5.45 0.0004274874425563749
7.28 0.0004274874425563749
7.36 0.0004274874425563749
7.22 0.0004274874425563749
6.45 0.0004274874425563749
1.19 0.0004274874425563749
4.13 0.0004274874425563749
3.735 0.0004274874425563749
10.29 0.0004274874425563749
3.84 0.0004274874425563749
6.825 0.0004274874425563749
9.76 0.0004274874425563749
1.825 0.0004274874425563749
10.05 0.0004274874425563749
5.89 0.0004274874425563749
5.11 0.0004274874425563749
4.025 0.0004274874425563749
6.03 0.0004274874425563749
5.925 0.0004274874425563749
8.5 0.0004274874425563749
4.02 0.0004274874425563749
4.785 0.0004274874425563749
8.36 0.0004274874425563749
9.3 0.0004274874425563749
9.1 0.0004274874425563749
9.57 0.0004274874425563749
3.25 0.0004274874425563749
5.8 0.0004274874425563749
5.59 0.0004274874425563749
9.92 0.0004274874425563749
3.55 0.0004274874425563749
2.75 0.0004274874425563749
10.06 0.0004274874425563749
3.68 0.0004274874425563749
2.58 0.0004274874425563749
5.035 0.0004274874425563749
5.185 0.0004274874425563749
5.34 0.0004274874425563749
5.36 0.0003206155819172812
7.83 0.0003206155819172812
7.84 0.0003206155819172812
4.48 0.0003206155819172812
4.185 0.0003206155819172812
4.93 0.0003206155819172812
8.71 0.0003206155819172812
4.76 0.0003206155819172812
6.07 0.0003206155819172812
3.38 0.0003206155819172812
5.84 0.0003206155819172812
5.61 0.0003206155819172812
10.22 0.0003206155819172812
7.44 0.0003206155819172812
8.9 0.0003206155819172812
8.19 0.0003206155819172812
10.38 0.0003206155819172812
2.875 0.0003206155819172812
4.55 0.0003206155819172812
3.74 0.0003206155819172812
1.84 0.0003206155819172812
6.175 0.0003206155819172812
6.875 0.0003206155819172812
7.29 0.0003206155819172812
4.75 0.0003206155819172812
6.045 0.0003206155819172812
4.73 0.0003206155819172812
8.715 0.0003206155819172812
5.31 0.0003206155819172812
10.01 0.0003206155819172812
3.825 0.0003206155819172812
1.875 0.0003206155819172812
4.65 0.0003206155819172812
10.03 0.0003206155819172812
4.005 0.0003206155819172812
5.75 0.0003206155819172812
10.235 0.0003206155819172812
7.6 0.0003206155819172812
9.6 0.0003206155819172812
5.55 0.0003206155819172812
1.56 0.0003206155819172812
7.54 0.0003206155819172812
7.92 0.0003206155819172812
10.295 0.0003206155819172812
2.28 0.0003206155819172812
9.72 0.0003206155819172812
6.06 0.0003206155819172812
9.52 0.0003206155819172812
2.43 0.0003206155819172812
3.195 0.0003206155819172812
8.58 0.0003206155819172812
8.84 0.0003206155819172812
7.65 0.0003206155819172812
7.225 0.0003206155819172812
3.42 0.0003206155819172812
4.78 0.0003206155819172812
8.125 0.0003206155819172812
4.225 0.0003206155819172812
7.48 0.0003206155819172812
6.68 0.0003206155819172812
10.24 0.0003206155819172812
5.72 0.0003206155819172812
4.34 0.0003206155819172812
10.355 0.00021374372127818745
2.175 0.00021374372127818745
1.11 0.00021374372127818745
3.1 0.00021374372127818745
2.905 0.00021374372127818745
8.26 0.00021374372127818745
7.3 0.00021374372127818745
9.66 0.00021374372127818745
5.98 0.00021374372127818745
5.14 0.00021374372127818745
3.87 0.00021374372127818745
1.245 0.00021374372127818745
9.44 0.00021374372127818745
6.57 0.00021374372127818745
10.17 0.00021374372127818745
7.87 0.00021374372127818745
3.52 0.00021374372127818745
2.97 0.00021374372127818745
3.81 0.00021374372127818745
4.84 0.00021374372127818745
8.07 0.00021374372127818745
8.17 0.00021374372127818745
3.255 0.00021374372127818745
8.82 0.00021374372127818745
4.04 0.00021374372127818745
2.075 0.00021374372127818745
7.82 0.00021374372127818745
3.03 0.00021374372127818745
4.79 0.00021374372127818745
2.31 0.00021374372127818745
3.48 0.00021374372127818745
9.69 0.00021374372127818745
9.87 0.00021374372127818745
9.12 0.00021374372127818745
6.975 0.00021374372127818745
7.06 0.00021374372127818745
9.68 0.00021374372127818745
2.1 0.00021374372127818745
5.17 0.00021374372127818745
2.72 0.00021374372127818745
3.06 0.00021374372127818745
10.15 0.00021374372127818745
4.275 0.00021374372127818745
8.6 0.00021374372127818745
5.265 0.00021374372127818745
6.71 0.00021374372127818745
9.03 0.00021374372127818745
4.42 0.00021374372127818745
4.345 0.00021374372127818745
7.015 0.00021374372127818745
2.22 0.00021374372127818745
10.065 0.00021374372127818745
3.51 0.00021374372127818745
3.325 0.00021374372127818745
6.195 0.00021374372127818745
8.88 0.00021374372127818745
5.775 0.00021374372127818745
9.88 0.00021374372127818745
4.01 0.00021374372127818745
4.67 0.00021374372127818745
2.73 0.00021374372127818745
2.34 0.00021374372127818745
8.01 0.00021374372127818745
8.37 0.00021374372127818745
7.77 0.00021374372127818745
4.89 0.00021374372127818745
4.83 0.00021374372127818745
6.035 0.00021374372127818745
5.68 0.00021374372127818745
5.05 0.00021374372127818745
5.49 0.00021374372127818745
5.135 0.00021374372127818745
10.34 0.00021374372127818745
5.78 0.00021374372127818745
9.45 0.00021374372127818745
8.74 0.00021374372127818745
5.48 0.00021374372127818745
7.475 0.00021374372127818745
6.82 0.00021374372127818745
9.78 0.00021374372127818745
3.11 0.00021374372127818745
9.975 0.00021374372127818745
7.085 0.00021374372127818745
4.57 0.00021374372127818745
2.8 0.00021374372127818745
10.02 0.00021374372127818745
8.625 0.00021374372127818745
0.502 0.00021374372127818745
6.58 0.00021374372127818745
3.45 0.00010687186063909372
4.11 0.00010687186063909372
9.545 0.00010687186063909372
9.32 0.00010687186063909372
7.93 0.00010687186063909372
3.025 0.00010687186063909372
8.91 0.00010687186063909372
4.745 0.00010687186063909372
6.77 0.00010687186063909372
8.42 0.00010687186063909372
10.395 0.00010687186063909372
1.8 0.00010687186063909372
10.16 0.00010687186063909372
9.55 0.00010687186063909372
9.22 0.00010687186063909372
2.02 0.00010687186063909372
8.06 0.00010687186063909372
5.26 0.00010687186063909372
2.24 0.00010687186063909372
4.03 0.00010687186063909372
6.62 0.00010687186063909372
6.965 0.00010687186063909372
9.28 0.00010687186063909372
7.075 0.00010687186063909372
7.035 0.00010687186063909372
4.015 0.00010687186063909372
1.877 0.00010687186063909372
5.955 0.00010687186063909372
7.31 0.00010687186063909372
9.15 0.00010687186063909372
4.99 0.00010687186063909372
9.765 0.00010687186063909372
6.11 0.00010687186063909372
9.48 0.00010687186063909372
7.695 0.00010687186063909372
6.79 0.00010687186063909372
6.04 0.00010687186063909372
3.98 0.00010687186063909372
7.395 0.00010687186063909372
6.86 0.00010687186063909372
5.01 0.00010687186063909372
0.75 0.00010687186063909372
3.63 0.00010687186063909372
9.5 0.00010687186063909372
4.72 0.00010687186063909372
4.845 0.00010687186063909372
8.94 0.00010687186063909372
3.815 0.00010687186063909372
9.315 0.00010687186063909372
9.31 0.00010687186063909372
4.77 0.00010687186063909372
2.64 0.00010687186063909372
8.05 0.00010687186063909372
4.095 0.00010687186063909372
8.27 0.00010687186063909372
5.91 0.00010687186063909372
7.23 0.00010687186063909372
5.08 0.00010687186063909372
6.43 0.00010687186063909372
7.35 0.00010687186063909372
7.41 0.00010687186063909372
9.34 0.00010687186063909372
6.49 0.00010687186063909372
6.525 0.00010687186063909372
8.81 0.00010687186063909372
5.795 0.00010687186063909372
1.37 0.00010687186063909372
2.15 0.00010687186063909372
3.82 0.00010687186063909372
3.88 0.00010687186063909372
5.328 0.00010687186063909372
9.715 0.00010687186063909372
4.585 0.00010687186063909372
7.58 0.00010687186063909372
7.96 0.00010687186063909372
10.13 0.00010687186063909372
9.85 0.00010687186063909372
8.69 0.00010687186063909372
6.92 0.00010687186063909372
7.95 0.00010687186063909372
7.74 0.00010687186063909372
6.87 0.00010687186063909372
7.34 0.00010687186063909372
5.025 0.00010687186063909372
9.98 0.00010687186063909372
4.28 0.00010687186063909372
1.92 0.00010687186063909372
8.835 0.00010687186063909372
2.153 0.00010687186063909372
9.42 0.00010687186063909372
5.63 0.00010687186063909372
1.58 0.00010687186063909372
7.131 0.00010687186063909372
4.36 0.00010687186063909372
7.09 0.00010687186063909372
6.95 0.00010687186063909372
4.52 0.00010687186063909372
2.54 0.00010687186063909372
2.62 0.00010687186063909372
4.41 0.00010687186063909372
2.95 0.00010687186063909372
3.677 0.00010687186063909372
1.67 0.00010687186063909372
10.335 0.00010687186063909372
5.35 0.00010687186063909372
6.67 0.00010687186063909372
7.135 0.00010687186063909372
9.875 0.00010687186063909372
6.715 0.00010687186063909372
9.38 0.00010687186063909372
7.39 0.00010687186063909372
9.73 0.00010687186063909372
6.54 0.00010687186063909372
5.835 0.00010687186063909372
9.26 0.00010687186063909372
9.265 0.00010687186063909372
4.69 0.00010687186063909372
3.27 0.00010687186063909372
6.41 0.00010687186063909372
4.285 0.00010687186063909372
10.09 0.00010687186063909372
7.575 0.00010687186063909372
7.57 0.00010687186063909372
5.23 0.00010687186063909372
8.295 0.00010687186063909372
7.89 0.00010687186063909372
5.125 0.00010687186063909372
3.65 0.00010687186063909372
3.115 0.00010687186063909372
9.18 0.00010687186063909372
4.85 0.00010687186063909372
9.21 0.00010687186063909372
9.62 0.00010687186063909372
8.08 0.00010687186063909372
9.23 0.00010687186063909372
9.63 0.00010687186063909372
6.955 0.00010687186063909372
4.735 0.00010687186063909372
8.72 0.00010687186063909372
1.7 0.00010687186063909372
7.095 0.00010687186063909372
4.23 0.00010687186063909372
6.85 0.00010687186063909372
4.675 0.00010687186063909372
7.26 0.00010687186063909372
10.04 0.00010687186063909372
6.28 0.00010687186063909372
3.045 0.00010687186063909372
4.995 0.00010687186063909372
8.32 0.00010687186063909372
8.43 0.00010687186063909372
9.46 0.00010687186063909372
10.3 0.00010687186063909372
9.36 0.00010687186063909372
8.45 0.00010687186063909372
7.885 0.00010687186063909372
3.33 0.00010687186063909372
3.105 0.00010687186063909372
7.07 0.00010687186063909372
9.94 0.00010687186063909372
2.98 0.00010687186063909372
9.125 0.00010687186063909372
7.59 0.00010687186063909372
9.08 0.00010687186063909372
6.741 0.00010687186063909372
5.005 0.00010687186063909372
8.33 0.00010687186063909372
5.655 0.00010687186063909372
3.905 0.00010687186063909372
2.84 0.00010687186063909372
5.09 0.00010687186063909372
3.23 0.00010687186063909372
7.45 0.00010687186063909372
7.63 0.00010687186063909372
5.87 0.00010687186063909372
8.54 0.00010687186063909372
